19308
21604
25907
28081
28367
28908
29287
31107
31108
31109
31120
31214
31237
31238
31239
31263
31264
31321
31325
31326
31446
31448
31488
31531
31579
31582
31607
31620
31626
31636
31666
31699
31700
31704
31705
31734
31735
31737
31738
31742
31790
31814
31820
31856
31857
31858
31936
31937
31938
31942
32083
32132
32133
32134
32152
32153
32154
32163
32176
32257
32258
32274
32278
32280
32286
32287
32302
32306
32341
32357
32361
32387
32388
32389
32390
32404
32405
32406
32427
32465
32466
32510
32539
32563
32596
32651
32654
32656
32658
32737
32739
32762
32781
32782
32784
32786
32839
32850
32869
32872
32890
32928
32932
32934
32935
32956
33004
33036
33037
33062
33064
33093
33128
33130
33137
33162
33163
33238
33239
33240
33244
33278
33279
33281
33284
33304
33306
33327
33329
33332
33336
33395
33396
33398
33399
33400
33401
33404
33405
33421
33422
33438
33467
33469
33470
33471
33476
33478
33482
33492
33499
33500
33516
33517
33518
33519
33537
33538
33539
33540
33541
33542
33562
33564
33565
33566
33567
33571
33572
33573
33614
33619
33620
33621
33643
33649
33656
33659
33684
33692
33751
33767
33769
33770
33790
33791
33792
33794
33817
33819
33831
33848
33857
33858
33868
33869
33888
33896
33897
33908
33909
33916
33932
33939
33940
33941
33972
33973
33976
34005
34006
34008
34010
34012
34013
34014
34029
34035
34062
34094
34097
34110
34111
34112
34145
34147
34148
34149
34150
34200
34207
34216
34218
34220
34221
34223
34225
34236
34238
34253
34254
34258
34263
34264
34275
34283
34291
34293
34311
34312
34316
34317
34359
34360
34362
34363
34364
34365
34366
34367
34368
34375
34377
34379
34383
34407
34409
34410
34420
34421
34435
34448
34458
34460
34461
34462
34469
34475
34487
34493
34510
34528
34547
34549
34550
34553
34567
34605
34608
34609
34610
34611
34628
34630
34632
34676
34677
34678
34686
34747
34748
34749
34750
34770
34771
34774
34791
34792
34795
34797
34843
34845
34846
34869
34873
34874
34875
34881
34884
34890
34908
34916
34957
34978
34979
34985
35068
35069
35070
35071
35149
35203
35285
35286
35331
35382
35388
